1.909652249619756770e+00 3.120927346263640878e+00 1.753587080282125399e+00 4.744884694110785617e+00 3.029672739435920636e+00 2.549701888534819716e+00 1.323908880284940803e+00 2.411850116994640025e+00 2.595399743939480253e+00 2.057672361193717325e+00 3.107901388685603727e+00 8.989165283253637284e-01 2.961654046703037668e+00 4.046036640010776786e+00
1.904348504110674245e+00 3.104129608720099576e+00 1.751948913778564876e+00 4.732264078498674031e+00 3.052735800201682448e+00 2.532117010794634471e+00 1.325675147366338180e+00 2.437303889978568172e+00 2.595130778672975147e+00 2.043442817932245692e+00 3.099170463795767105e+00 9.027313721381420297e-01 2.941105826630609155e+00 4.047170210893104247e+00
1.899044758601591498e+00 3.087331871176558273e+00 1.750310747275004131e+00 4.719643462886562446e+00 3.075798860967444703e+00 2.514532133054448781e+00 1.327441414447735335e+00 2.462757662962496319e+00 2.594861813406470041e+00 2.029213274670774059e+00 3.090439538905930483e+00 9.065462159509202200e-01 2.920557606558181085e+00 4.048303781775430821e+00
1.893741013092508751e+00 3.070534133633016971e+00 1.748672580771443608e+00 4.707022847274451749e+00 3.098861921733206071e+00 2.496947255314263536e+00 1.329207681529132490e+00 2.488211435946424466e+00 2.594592848139964936e+00 2.014983731409302870e+00 3.081708614016094305e+00 9.103610597636985213e-01 2.900009386485752572e+00 4.049437352657758282e+00
1.888437267583425783e+00 3.053736396089475669e+00 1.747034414267882863e+00 4.694402231662340164e+00 3.121924982498968326e+00 2.479362377574077847e+00 1.330973948610529645e+00 2.513665208930353057e+00 2.594323882873459830e+00 2.000754188147831236e+00 3.072977689126257683e+00 9.141759035764767116e-01 2.879461166413324058e+00 4.050570923540085744e+00
1.883133522074343036e+00 3.036938658545934810e+00 1.745396247764322784e+00 4.681781616050228578e+00 3.144988043264730138e+00 2.461777499833892158e+00 1.332740215691927022e+00 2.539118981914281203e+00 2.594054917606954724e+00 1.986524644886359381e+00 3.064246764236421505e+00 9.179907473892550129e-01 2.858912946340895989e+00 4.051704494422412317e+00
1.877829776565260289e+00 3.020140921002393508e+00 1.743758081260762038e+00 4.669161000438117881e+00 3.168051104030491949e+00 2.444192622093706468e+00 1.334506482773324176e+00 2.564572754898209350e+00 2.593785952340449619e+00 1.972295101624887748e+00 3.055515839346584883e+00 9.218055912020334253e-01 2.838364726268467031e+00 4.052838065304739779e+00
1.872526031056177542e+00 3.003343183458852206e+00 1.742119914757201515e+00 4.656540384826007184e+00 3.191114164796253760e+00 2.426607744353521223e+00 1.336272749854721331e+00 2.590026527882137941e+00 2.593516987073944513e+00 1.958065558363416114e+00 3.046784914456748261e+00 9.256204350148117266e-01 2.817816506196038961e+00 4.053971636187067240e+00
1.867222285547094796e+00 2.986545445915311348e+00 1.740481748253640770e+00 4.643919769213895599e+00 3.214177225562016016e+00 2.409022866613335534e+00 1.338039016936118486e+00 2.615480300866066088e+00 2.593248021807439407e+00 1.943836015101944481e+00 3.038053989566912527e+00 9.294352788275899169e-01 2.797268286123610448e+00 4.055105207069393813e+00
1.861918540038012271e+00 2.969747708371770045e+00 1.738843581750080247e+00 4.631299153601784013e+00 3.237240286327777827e+00 2.391437988873150289e+00 1.339805284017515863e+00 2.640934073849994235e+00 2.592979056540934302e+00 1.929606471840472848e+00 3.029323064677075905e+00 9.332501226403682182e-01 2.776720066051182378e+00 4.056238777951721275e+00
1.856614794528929080e+00 2.952949970828228743e+00 1.737205415246519724e+00 4.618678537989672428e+00 3.260303347093539195e+00 2.373853111132964600e+00 1.341571551098912796e+00 2.666387846833922826e+00 2.592710091274429640e+00 1.915376928579001659e+00 3.020592139787239283e+00 9.370649664531465195e-01 2.756171845978753865e+00 4.057372348834048736e+00
1.851311049019846333e+00 2.936152233284687885e+00 1.735567248742958979e+00 4.606057922377561731e+00 3.283366407859301894e+00 2.356268233392779354e+00 1.343337818180310173e+00 2.691841619817850972e+00 2.592441126007924534e+00 1.901147385317530025e+00 3.011861214897403105e+00 9.408798102659247098e-01 2.735623625906325351e+00 4.058505919716376198e+00
1.846007303510763808e+00 2.919354495741146582e+00 1.733929082239398456e+00 4.593437306765450145e+00 3.306429468625063262e+00 2.338683355652593665e+00 1.345104085261707327e+00 2.717295392801779563e+00 2.592172160741419429e+00 1.886917842056058392e+00 3.003130290007566483e+00 9.446946540787030111e-01 2.715075405833897282e+00 4.059639490598703659e+00
1.840703558001681062e+00 2.902556758197605280e+00 1.732290915735838155e+00 4.580816691153339448e+00 3.329492529390825073e+00 2.321098477912408420e+00 1.346870352343104482e+00 2.742749165785707710e+00 2.591903195474914323e+00 1.872688298794586759e+00 2.994399365117730305e+00 9.485094978914812014e-01 2.694527185761468768e+00 4.060773061481031121e+00
1.835399812492598315e+00 2.885759020654064422e+00 1.730652749232277632e+00 4.568196075541227863e+00 3.352555590156587328e+00 2.303513600172222731e+00 1.348636619424501637e+00 2.768202938769635857e+00 2.591634230208409218e+00 1.858458755533115125e+00 2.985668440227893683e+00 9.523243417042595027e-01 2.673978965689040699e+00 4.061906632363357694e+00
1.830096066983515568e+00 2.868961283110523119e+00 1.729014582728716887e+00 4.555575459929117166e+00 3.375618650922349140e+00 2.285928722432037041e+00 1.350402886505899014e+00 2.793656711753564004e+00 2.591365264941904112e+00 1.844229212271643714e+00 2.976937515338057061e+00 9.561391855170378040e-01 2.653430745616612185e+00 4.063040203245685156e+00
1.824792321474432821e+00 2.852163545566981817e+00 1.727376416225156364e+00 4.542954844317005580e+00 3.398681711688111395e+00 2.268343844691851352e+00 1.352169153587296169e+00 2.819110484737492150e+00 2.591096299675399006e+00 1.829999669010172081e+00 2.968206590448220883e+00 9.599540293298159943e-01 2.632882525544183672e+00 4.064173774128012617e+00
1.819488575965349852e+00 2.835365808023440515e+00 1.725738249721595619e+00 4.530334228704893995e+00 3.421744772453872763e+00 2.250758966951666107e+00 1.353935420668693324e+00 2.844564257721420741e+00 2.590827334408894345e+00 1.815770125748700448e+00 2.959475665558384261e+00 9.637688731425942956e-01 2.612334305471755158e+00 4.065307345010339191e+00
1.814184830456267106e+00 2.818568070479899212e+00 1.724100083218035095e+00 4.517713613092782410e+00 3.444807833219634574e+00 2.233174089211480418e+00 1.355701687750090478e+00 2.870018030705348888e+00 2.590558369142389239e+00 1.801540582487228814e+00 2.950744740668548083e+00 9.675837169553727080e-01 2.591786085399326645e+00 4.066440915892666652e+00
1.808881084947184359e+00 2.801770332936357910e+00 1.722461916714474572e+00 4.505092997480671713e+00 3.467870893985396830e+00 2.215589211471295172e+00 1.357467954831487855e+00 2.895471803689277035e+00 2.590289403875884133e+00 1.787311039225757181e+00 2.942013815778711461e+00 9.713985607681510093e-01 2.571237865326898575e+00 4.067574486774994114e+00
1.803577339438101834e+00 2.784972595392817052e+00 1.720823750210913827e+00 4.492472381868561015e+00 3.490933954751158641e+00 2.198004333731109483e+00 1.359234221912884788e+00 2.920925576673205626e+00 2.590020438609379028e+00 1.773081495964285548e+00 2.933282890888874839e+00 9.752134045809291996e-01 2.550689645254470062e+00 4.068708057657320687e+00
1.798273593929019087e+00 2.768174857849275750e+00 1.719185583707353526e+00 4.479851766256449430e+00 3.513997015516920897e+00 2.180419455990924238e+00 1.361000488994282165e+00 2.946379349657133773e+00 2.589751473342873922e+00 1.758851952702813914e+00 2.924551965999038661e+00 9.790282483937075009e-01 2.530141425182041992e+00 4.069841628539648148e+00
1.792969848419936341e+00 2.751377120305734447e+00 1.717547417203793003e+00 4.467231150644337845e+00 3.537060076282682708e+00 2.162834578250738549e+00 1.362766756075679320e+00 2.971833122641061919e+00 2.589482508076368816e+00 1.744622409441342725e+00 2.915821041109202039e+00 9.828430922064856912e-01 2.509593205109613478e+00 4.070975199421975610e+00
1.787666102910853372e+00 2.734579382762193589e+00 1.715909250700232480e+00 4.454610535032227148e+00 3.560123137048444075e+00 2.145249700510553303e+00 1.364533023157076475e+00 2.997286895624990510e+00 2.589213542809863711e+00 1.730392866179871092e+00 2.907090116219365861e+00 9.866579360192639925e-01 2.489044985037184965e+00 4.072108770304302183e+00
1.782362357401770625e+00 2.717781645218652287e+00 1.714271084196671735e+00 4.441989919420115562e+00 3.583186197814206331e+00 2.127664822770367614e+00 1.366299290238473629e+00 3.022740668608919101e+00 2.588944577543359049e+00 1.716163322918399459e+00 2.898359191329529239e+00 9.904727798320422938e-01 2.468496764964756895e+00 4.073242341186629645e+00
1.777058611892687878e+00 2.700983907675111428e+00 1.712632917693111212e+00 4.429369303808003977e+00 3.606249258579968142e+00 2.110079945030181925e+00 1.368065557319871006e+00 3.048194441592847248e+00 2.588675612276853943e+00 1.701933779656927825e+00 2.889628266439692617e+00 9.942876236448204841e-01 2.447948544892328382e+00 4.074375912068957106e+00
1.771754866383605131e+00 2.684186170131570126e+00 1.710994751189550467e+00 4.416748688195893280e+00 3.629312319345729954e+00 2.092495067289996680e+00 1.369831824401268161e+00 3.073648214576775395e+00 2.588406647010348838e+00 1.687704236395456192e+00 2.880897341549856883e+00 9.981024674575987854e-01 2.427400324819900312e+00 4.075509482951284568e+00
1.766451120874522385e+00 2.667388432588028824e+00 1.709356584685989944e+00 4.404128072583782583e+00 3.652375380111492209e+00 2.074910189549810990e+00 1.371598091482665316e+00 3.099101987560703542e+00 2.588137681743843732e+00 1.673474693133984559e+00 2.872166416660020261e+00 1.001917311270376976e+00 2.406852104747471799e+00 4.076643053833612029e+00
1.761147375365439860e+00 2.650590695044487521e+00 1.707718418182429421e+00 4.391507456971670997e+00 3.675438440877253576e+00 2.057325311809625301e+00 1.373364358564062471e+00 3.124555760544631688e+00 2.587868716477338626e+00 1.659245149872513370e+00 2.863435491770183638e+00 1.005732155083155277e+00 2.386303884675043285e+00 4.077776624715939491e+00
1.755843629856357113e+00 2.633792957500946663e+00 1.706080251678869120e+00 4.378886841359559412e+00 3.698501501643015388e+00 2.039740434069440056e+00 1.375130625645459848e+00 3.150009533528559835e+00 2.587599751210833521e+00 1.645015606611041736e+00 2.854704566880347461e+00 1.009546998895933800e+00 2.365755664602614772e+00 4.078910195598266064e+00
1.750539884347273922e+00 2.616995219957405361e+00 1.704442085175308375e+00 4.366266225747447827e+00 3.721564562408777643e+00 2.022155556329254811e+00 1.376896892726857002e+00 3.175463306512488426e+00 2.587330785944328859e+00 1.630786063349570103e+00 2.845973641990510838e+00 1.013361842708711880e+00 2.345207444530186258e+00 4.080043766480593526e+00
1.745236138838191398e+00 2.600197482413864059e+00 1.702803918671747851e+00 4.353645610135336241e+00 3.744627623174539455e+00 2.004570678589069122e+00 1.378663159808254157e+00 3.200917079496416129e+00 2.587061820677823754e+00 1.616556520088098470e+00 2.837242717100674660e+00 1.017176686521490181e+00 2.324659224457758189e+00 4.081177337362920987e+00
1.739932393329108651e+00 2.583399744870322756e+00 1.701165752168187328e+00 4.341024994523225544e+00 3.767690683940301710e+00 1.986985800848883432e+00 1.380429426889651312e+00 3.226370852480344720e+00 2.586792855411318648e+00 1.602326976826626836e+00 2.828511792210838038e+00 1.020991530334268482e+00 2.304111004385329675e+00 4.082310908245247560e+00
1.734628647820025904e+00 2.566602007326781454e+00 1.699527585664626583e+00 4.328404378911114847e+00 3.790753744706063522e+00 1.969400923108697965e+00 1.382195693971048467e+00 3.251824625464273311e+00 2.586523890144813542e+00 1.588097433565155203e+00 2.819780867321001416e+00 1.024806374147046784e+00 2.283562784312901606e+00 4.083444479127575022e+00
