1.909999999999999920e+00 3.120999999999999996e+00 1.754000000000000004e+00 4.745000000000000107e+00 3.029999999999999805e+00 2.549999999999999822e+00 1.324000000000000066e+00 2.411999999999999922e+00 2.595000000000000195e+00 2.057999999999999829e+00 3.108000000000000096e+00 8.990000000000000213e-01 2.962000000000000188e+00 4.046000000000000263e+00
1.971000000000000085e+00 2.892999999999999794e+00 1.955000000000000071e+00 4.629999999999999893e+00 3.017999999999999794e+00 2.427999999999999936e+00 1.475999999999999979e+00 2.605999999999999872e+00 2.471999999999999975e+00 2.011000000000000121e+00 2.733999999999999986e+00 1.131999999999999895e+00 2.802000000000000046e+00 4.060999999999999943e+00
1.951000000000000068e+00 2.928999999999999826e+00 1.836000000000000076e+00 4.570999999999999730e+00 3.048999999999999932e+00 2.503000000000000114e+00 1.453999999999999959e+00 2.608999999999999986e+00 2.504000000000000004e+00 2.015000000000000124e+00 2.708000000000000185e+00 1.153000000000000025e+00 2.810999999999999943e+00 4.057999999999999829e+00
1.931999999999999940e+00 3.061999999999999833e+00 1.762999999999999901e+00 4.584999999999999964e+00 3.072999999999999954e+00 2.387000000000000011e+00 1.385999999999999899e+00 2.580000000000000071e+00 2.553999999999999826e+00 1.929000000000000048e+00 2.802999999999999936e+00 1.116000000000000103e+00 2.720000000000000195e+00 4.051999999999999602e+00
1.856999999999999984e+00 2.876999999999999780e+00 1.788000000000000034e+00 4.552999999999999936e+00 3.059000000000000163e+00 2.362999999999999989e+00 1.383000000000000007e+00 2.608999999999999986e+00 2.499000000000000110e+00 1.911000000000000032e+00 2.826999999999999957e+00 1.092000000000000082e+00 2.658999999999999808e+00 4.040000000000000036e+00
1.834999999999999964e+00 2.879999999999999893e+00 1.897999999999999909e+00 4.376000000000000334e+00 2.995000000000000107e+00 2.310999999999999943e+00 1.530000000000000027e+00 2.588999999999999968e+00 2.496999999999999886e+00 1.877000000000000002e+00 2.678999999999999826e+00 1.171000000000000041e+00 2.678999999999999826e+00 4.040000000000000036e+00
1.828999999999999959e+00 2.773000000000000131e+00 1.820000000000000062e+00 4.200999999999999623e+00 2.998000000000000220e+00 2.253000000000000114e+00 1.457999999999999963e+00 2.504999999999999893e+00 2.532000000000000028e+00 1.834000000000000075e+00 2.604999999999999982e+00 1.155000000000000027e+00 2.625999999999999890e+00 4.033999999999999808e+00
1.768000000000000016e+00 2.712000000000000188e+00 1.768999999999999906e+00 4.033000000000000362e+00 3.019000000000000128e+00 2.172000000000000153e+00 1.443000000000000060e+00 2.343999999999999861e+00 2.479999999999999982e+00 1.731999999999999984e+00 2.579000000000000181e+00 1.127999999999999892e+00 2.608000000000000096e+00 4.046999999999999709e+00
1.862000000000000099e+00 2.696000000000000174e+00 1.891999999999999904e+00 3.931999999999999940e+00 3.079000000000000181e+00 2.170999999999999819e+00 1.499000000000000110e+00 2.241999999999999993e+00 2.467999999999999972e+00 1.657999999999999918e+00 2.455000000000000071e+00 1.161000000000000032e+00 2.576000000000000068e+00 4.009999999999999787e+00
1.854000000000000092e+00 2.681999999999999940e+00 1.774000000000000021e+00 3.907000000000000028e+00 2.891000000000000014e+00 2.153999999999999915e+00 1.375000000000000000e+00 2.153000000000000025e+00 2.492999999999999883e+00 1.657999999999999918e+00 2.479999999999999982e+00 1.187999999999999945e+00 2.556999999999999940e+00 4.044999999999999929e+00
1.866999999999999993e+00 2.629999999999999893e+00 1.800999999999999934e+00 3.919999999999999929e+00 3.057999999999999829e+00 2.061999999999999833e+00 1.429000000000000048e+00 2.124000000000000110e+00 2.555000000000000160e+00 1.600000000000000089e+00 2.435999999999999943e+00 1.104000000000000092e+00 2.551000000000000156e+00 4.054999999999999716e+00
1.798999999999999932e+00 2.875000000000000000e+00 1.707000000000000073e+00 4.166999999999999815e+00 3.004999999999999893e+00 2.258000000000000007e+00 1.358999999999999986e+00 2.270999999999999908e+00 2.430000000000000160e+00 1.780000000000000027e+00 2.987999999999999989e+00 1.125999999999999890e+00 2.576000000000000068e+00 3.987999999999999989e+00
1.848000000000000087e+00 2.770999999999999908e+00 1.786999999999999922e+00 4.136000000000000121e+00 3.004000000000000004e+00 2.217999999999999972e+00 1.387999999999999901e+00 2.237999999999999989e+00 2.543000000000000149e+00 1.697000000000000064e+00 3.056000000000000050e+00 1.086999999999999966e+00 2.467999999999999972e+00 3.927999999999999936e+00
1.832000000000000073e+00 2.737999999999999989e+00 1.683999999999999941e+00 3.992999999999999883e+00 2.951000000000000068e+00 2.197000000000000064e+00 1.322000000000000064e+00 2.523000000000000131e+00 2.443000000000000060e+00 1.641999999999999904e+00 3.160000000000000142e+00 1.052000000000000046e+00 2.515000000000000124e+00 3.987999999999999989e+00
1.866000000000000103e+00 2.770000000000000018e+00 1.770000000000000018e+00 4.054000000000000270e+00 2.936999999999999833e+00 2.224000000000000199e+00 1.370000000000000107e+00 2.520000000000000018e+00 2.365000000000000213e+00 1.749000000000000110e+00 3.307999999999999829e+00 1.098000000000000087e+00 2.564000000000000057e+00 4.019999999999999574e+00
1.870000000000000107e+00 2.697999999999999954e+00 1.810999999999999943e+00 4.062000000000000277e+00 2.880999999999999783e+00 2.111000000000000210e+00 1.383000000000000007e+00 2.524999999999999911e+00 2.390000000000000124e+00 1.723000000000000087e+00 3.353000000000000203e+00 1.038999999999999924e+00 2.551000000000000156e+00 3.967000000000000082e+00
1.850000000000000089e+00 2.701000000000000068e+00 1.752000000000000002e+00 4.089999999999999858e+00 2.959999999999999964e+00 2.129000000000000004e+00 1.352000000000000091e+00 2.516000000000000014e+00 2.361000000000000210e+00 1.687000000000000055e+00 3.334999999999999964e+00 1.068999999999999950e+00 2.524999999999999911e+00 3.954000000000000181e+00
1.814000000000000057e+00 2.833000000000000185e+00 1.691000000000000059e+00 4.041000000000000369e+00 3.081999999999999851e+00 2.052000000000000046e+00 1.308000000000000052e+00 2.536000000000000032e+00 2.573999999999999844e+00 1.649000000000000021e+00 2.922000000000000153e+00 1.116000000000000103e+00 2.487999999999999989e+00 3.998000000000000220e+00
1.695000000000000062e+00 2.656000000000000139e+00 1.641999999999999904e+00 4.301000000000000156e+00 3.035000000000000142e+00 2.134999999999999787e+00 1.247000000000000108e+00 2.462000000000000188e+00 2.544000000000000039e+00 1.675999999999999934e+00 2.766000000000000014e+00 9.979999999999999982e-01 2.459000000000000075e+00 4.099000000000000199e+00
1.721999999999999975e+00 2.638999999999999790e+00 1.602000000000000091e+00 4.347999999999999865e+00 3.189999999999999947e+00 2.007000000000000117e+00 1.250000000000000000e+00 2.697000000000000064e+00 2.641999999999999904e+00 1.564999999999999947e+00 2.814999999999999947e+00 1.036999999999999922e+00 2.363999999999999879e+00 4.022000000000000242e+00
1.685999999999999943e+00 2.725999999999999979e+00 1.425000000000000044e+00 4.408000000000000362e+00 3.059000000000000163e+00 2.044000000000000039e+00 1.062999999999999945e+00 2.636000000000000121e+00 2.668000000000000149e+00 1.596000000000000085e+00 2.862000000000000099e+00 9.919999999999999929e-01 2.391000000000000014e+00 4.022000000000000242e+00
1.752000000000000002e+00 2.681999999999999940e+00 1.578999999999999959e+00 4.371000000000000441e+00 3.182999999999999829e+00 1.993000000000000105e+00 1.199999999999999956e+00 2.633000000000000007e+00 2.689000000000000057e+00 1.552000000000000046e+00 2.899000000000000021e+00 9.529999999999999583e-01 2.371999999999999886e+00 3.984999999999999876e+00
1.717999999999999972e+00 2.656000000000000139e+00 1.542999999999999927e+00 4.368999999999999773e+00 3.120000000000000107e+00 1.995000000000000107e+00 1.149000000000000021e+00 2.681999999999999940e+00 2.665999999999999925e+00 1.574999999999999956e+00 2.717000000000000082e+00 9.399999999999999467e-01 2.337000000000000188e+00 3.987999999999999989e+00
1.641999999999999904e+00 2.636000000000000121e+00 1.510999999999999899e+00 4.301999999999999602e+00 3.198999999999999844e+00 1.977000000000000091e+00 1.153999999999999915e+00 2.637000000000000011e+00 2.677999999999999936e+00 1.618000000000000105e+00 2.869000000000000217e+00 9.230000000000000426e-01 2.322000000000000064e+00 4.004999999999999893e+00
1.689999999999999947e+00 2.650999999999999801e+00 1.548000000000000043e+00 4.310999999999999943e+00 3.224000000000000199e+00 1.973000000000000087e+00 1.143999999999999906e+00 2.604999999999999982e+00 2.689999999999999947e+00 1.594000000000000083e+00 2.876999999999999780e+00 8.549999999999999822e-01 2.326000000000000068e+00 3.994000000000000217e+00
1.651000000000000023e+00 2.607000000000000206e+00 1.506999999999999895e+00 4.267999999999999794e+00 3.141000000000000014e+00 1.967000000000000082e+00 1.131000000000000005e+00 2.587000000000000188e+00 2.684000000000000163e+00 1.584999999999999964e+00 2.831999999999999851e+00 9.030000000000000249e-01 2.330000000000000071e+00 3.975000000000000089e+00
1.703000000000000069e+00 2.621999999999999886e+00 1.510999999999999899e+00 4.224000000000000199e+00 3.100999999999999979e+00 1.907000000000000028e+00 1.131999999999999895e+00 2.535000000000000142e+00 2.680000000000000160e+00 1.556999999999999940e+00 2.827999999999999847e+00 8.870000000000000107e-01 2.338000000000000078e+00 3.952999999999999847e+00
1.719000000000000083e+00 2.710999999999999854e+00 1.629999999999999893e+00 4.459999999999999964e+00 3.496999999999999886e+00 2.120000000000000107e+00 1.338000000000000078e+00 2.995000000000000107e+00 2.559000000000000163e+00 1.596000000000000085e+00 2.894000000000000128e+00 9.679999999999999716e-01 2.318999999999999950e+00 4.059999999999999609e+00
1.945000000000000062e+00 2.716000000000000192e+00 1.830999999999999961e+00 4.410000000000000142e+00 3.795999999999999819e+00 2.028000000000000025e+00 1.528000000000000025e+00 3.287999999999999812e+00 2.609999999999999876e+00 1.604999999999999982e+00 2.802999999999999936e+00 1.114999999999999991e+00 2.359999999999999876e+00 4.001000000000000334e+00
1.862000000000000099e+00 2.681999999999999940e+00 1.810000000000000053e+00 4.403999999999999915e+00 3.790000000000000036e+00 2.007000000000000117e+00 1.419999999999999929e+00 3.201000000000000068e+00 2.641000000000000014e+00 1.610999999999999988e+00 2.818999999999999950e+00 1.022999999999999909e+00 2.380999999999999783e+00 3.987999999999999989e+00
1.729000000000000092e+00 2.668000000000000149e+00 1.649999999999999911e+00 4.375000000000000000e+00 3.729999999999999982e+00 1.963999999999999968e+00 1.372000000000000108e+00 3.274999999999999911e+00 2.652000000000000135e+00 1.586999999999999966e+00 2.802000000000000046e+00 1.082000000000000073e+00 2.391000000000000014e+00 4.136999999999999567e+00
1.723000000000000087e+00 2.616000000000000103e+00 1.705999999999999961e+00 4.282000000000000028e+00 3.803999999999999826e+00 1.941000000000000059e+00 1.421999999999999931e+00 3.237999999999999989e+00 2.500999999999999890e+00 1.624000000000000110e+00 2.822999999999999954e+00 1.195000000000000062e+00 2.384999999999999787e+00 4.120000000000000107e+00
1.743000000000000105e+00 2.616999999999999993e+00 1.687999999999999945e+00 4.269999999999999574e+00 3.869000000000000217e+00 1.881000000000000005e+00 1.360999999999999988e+00 3.279999999999999805e+00 2.512999999999999901e+00 1.625000000000000000e+00 2.831999999999999851e+00 1.086000000000000076e+00 2.309000000000000163e+00 4.081999999999999851e+00
1.735000000000000098e+00 2.567000000000000171e+00 1.699999999999999956e+00 4.328000000000000291e+00 3.790999999999999925e+00 1.969000000000000083e+00 1.381999999999999895e+00 3.251999999999999780e+00 2.587000000000000188e+00 1.588000000000000078e+00 2.819999999999999840e+00 1.024999999999999911e+00 2.283999999999999808e+00 4.083000000000000185e+00
